3,2
3,1
3,3
10,104
10,122
10,24
10,294
10,172
10,116
10,82
10,276
10,2
10,3
11,13
11,19
9,7
9,6
9,4
8,11
8,15
8,9
8,16
8,6
2,2
2,1
2,3
0,270
13,1
13,3
14,1
14,3
0,9
52,7
52,6
52,5
52,4
52,3
52,2
52,1
52,0
49,4
49,3
49,2
49,1
49,0
47,4
47,3
47,2
47,1
47,0
45,3
45,2
45,1
45,0
44,4
44,3
44,2
44,1
44,0
42,4
42,3
42,2
42,1
42,0
40,4
40,3
40,2
40,1
40,0
29,3
29,1
20,3
20,2
20,1
19,3
19,2
19,1
18,3
18,1
12,3
12,2
12,1
11,28
11,27
11,26
11,25
11,24
11,23
11,22
11,21
11,20
11,17
11,16
11,15
11,14
11,12
11,11
11,10
11,9
11,8
11,7
11,6
11,5
11,3
11,2
11,1
10,308
10,304
10,296
10,293
10,287
